3 0.640381 0.313477 0.044434 0.091797
3 0.708008 0.560547 0.042969 0.089844
3 0.785156 0.521484 0.042969 0.054688
3 0.497559 0.802246 0.042969 0.081055
3 0.563721 0.737793 0.035645 0.053711
3 0.653076 0.63623 0.058105 0.057617
3 0.272949 0.73877 0.042969 0.073242
3 0.388184 0.814453 0.041992 0.066406
3 0.429443 0.554688 0.027832 0.0625
3 0.490479 0.206543 0.032715 0.061523
3 0.1875 0.564453 0.029297 0.041016
3 0.496826 0.63916 0.025879 0.041992
3 0.435059 0.73877 0.026367 0.104492
3 0.583984 0.575684 0.024414 0.053711
3 0.591309 0.675293 0.022461 0.049805
3 0.326416 0.59082 0.039551 0.033203
3 0.451904 0.310547 0.024902 0.042969
3 0.712158 0.388184 0.028809 0.041992
3 0.545654 0.327637 0.044434 0.05957
3 0.244385 0.34082 0.022949 0.037109
3 0.125244 0.476074 0.034668 0.061523
